3.39016E-03  4.80700E-02  5.66700E-4
3.61475E-03  4.52291E-02  5.45776E-4
3.83906E-03  4.23744E-02  5.28684E-4
4.06308E-03  3.94570E-02  4.61089E-4
4.28679E-03  3.61917E-02  3.51474E-4
4.51017E-03  3.36188E-02  3.12113E-4
4.73321E-03  3.06044E-02  2.70253E-4
4.95589E-03  2.83293E-02  2.87840E-4
5.17819E-03  2.58486E-02  2.24553E-4
5.40010E-03  2.36499E-02  2.26119E-4
5.62160E-03  2.11945E-02  1.97888E-4
5.84266E-03  1.90526E-02  1.62060E-4
6.06329E-03  1.71179E-02  1.90670E-4
6.28345E-03  1.52672E-02  1.45390E-4
6.50313E-03  1.35810E-02  1.43057E-4
6.72232E-03  1.18965E-02  1.10665E-4
6.94099E-03  1.02955E-02  9.19350E-5
7.15914E-03  8.91768E-03  7.85600E-5
7.37674E-03  7.66288E-03  6.50192E-5
7.59378E-03  6.60488E-03  6.27196E-5
7.81025E-03  5.56990E-03  5.07043E-5
8.02611E-03  4.70329E-03  3.96407E-5
8.24137E-03  3.92840E-03  3.70845E-5
8.45600E-03  3.27187E-03  2.95957E-5
8.66998E-03  2.67906E-03  2.99240E-5
8.88330E-03  2.15527E-03  1.91911E-5
9.09595E-03  1.71161E-03  1.83726E-5
9.30791E-03  1.38248E-03  1.13775E-5
9.51915E-03  1.11226E-03  1.10838E-5
9.72967E-03  8.80371E-04  8.39268E-6
9.93945E-03  7.00248E-04  8.80433E-6
1.01485E-02  5.98440E-04  7.40304E-6
1.03567E-02  4.98647E-04  8.37380E-6
1.05642E-02  4.43047E-04  5.75684E-6
1.07708E-02  4.16193E-04  5.98546E-6
1.09767E-02  4.05895E-04  5.86187E-6
1.11817E-02  4.18792E-04  6.53123E-6
1.13858E-02  4.37787E-04  4.47387E-6
1.15891E-02  4.67268E-04  4.79156E-6
1.17915E-02  4.99693E-04  5.08982E-6
1.19930E-02  5.41330E-04  6.29567E-6
1.21936E-02  5.68492E-04  5.31091E-6
1.23933E-02  6.04054E-04  5.65179E-6
1.25920E-02  6.38949E-04  5.25581E-6
1.27897E-02  6.61725E-04  8.20922E-6
1.29865E-02  6.84365E-04  6.20965E-6
1.31823E-02  7.02843E-04  5.96855E-6
1.33771E-02  7.15785E-04  6.75605E-6
1.35709E-02  7.26170E-04  6.05486E-6
1.37636E-02  7.23849E-04  6.11104E-6
1.39553E-02  7.17248E-04  6.56636E-6
1.41459E-02  7.11661E-04  6.17949E-6
1.43355E-02  6.89526E-04  6.71084E-6
1.45239E-02  6.68913E-04  6.17810E-6
1.47113E-02  6.43905E-04  5.23343E-6
1.48975E-02  6.20056E-04  5.60030E-6
1.50826E-02  5.90259E-04  4.88575E-6
1.52666E-02  5.59102E-04  5.32107E-6
1.54494E-02  5.22450E-04  5.05923E-6
1.56310E-02  4.86176E-04  4.47818E-6
1.58114E-02  4.51118E-04  4.22066E-6
1.59906E-02  4.15096E-04  3.69755E-6
1.61686E-02  3.81708E-04  3.59730E-6
1.63454E-02  3.47245E-04  3.21513E-6
1.65209E-02  3.14650E-04  3.02605E-6
1.66952E-02  2.84219E-04  2.37572E-6
1.68681E-02  2.57263E-04  2.25392E-6
1.70399E-02  2.29580E-04  2.24895E-6
1.72103E-02  2.02752E-04  1.62099E-6
1.73794E-02  1.82211E-04  2.36481E-6
1.75471E-02  1.62958E-04  1.79455E-6
1.77136E-02  1.43299E-04  1.27699E-6
1.78787E-02  1.25680E-04  1.30756E-6
1.80424E-02  1.11486E-04  1.20288E-6
1.82047E-02  9.95420E-05  1.16879E-6
1.83657E-02  8.67282E-05  9.77501E-7
1.85253E-02  7.58508E-05  6.73659E-7
1.86834E-02  6.89748E-05  7.65980E-7
1.88402E-02  6.23750E-05  8.61089E-7
1.89955E-02  5.86104E-05  6.54642E-7
1.91493E-02  5.47065E-05  7.28184E-7
1.93017E-02  5.16556E-05  7.53944E-7
1.94527E-02  5.02498E-05  5.74919E-7
1.96021E-02  4.89370E-05  5.52180E-7
1.97501E-02  5.01015E-05  5.96889E-7
1.98965E-02  5.05766E-05  5.45950E-7
2.00414E-02  5.20274E-05  7.29621E-7
2.01848E-02  5.42917E-05  6.84093E-7
2.03267E-02  5.55932E-05  6.16978E-7
2.04670E-02  5.75377E-05  6.90841E-7
2.06058E-02  6.03673E-05  7.10695E-7
2.07430E-02  6.14939E-05  6.88742E-7
2.08786E-02  6.31053E-05  5.16517E-7
2.10126E-02  6.52551E-05  6.15462E-7
2.11451E-02  6.71775E-05  6.52144E-7
2.12759E-02  6.94183E-05  6.57730E-7
2.14051E-02  7.10778E-05  6.85784E-7
2.15326E-02  7.47586E-05  8.52098E-7
2.16586E-02  7.55872E-05  7.55781E-7
2.17828E-02  7.65904E-05  7.35634E-7
2.19054E-02  7.69452E-05  7.56211E-7
2.20264E-02  7.78645E-05  6.49532E-7
2.21457E-02  7.81913E-05  7.17251E-7
2.22632E-02  7.80108E-05  8.84911E-7
2.23791E-02  7.73803E-05  7.97782E-7
2.24933E-02  7.67970E-05  6.39812E-7
2.26058E-02  7.67850E-05  6.81809E-7
2.27165E-02  7.61380E-05  6.27260E-7
2.28256E-02  7.52620E-05  6.23026E-7
2.29328E-02  7.44518E-05  6.31127E-7
2.30384E-02  7.38662E-05  7.07604E-7
2.31422E-02  7.27469E-05  6.88198E-7
2.32442E-02  7.27240E-05  7.88856E-7
2.33444E-02  7.09658E-05  7.44184E-7
2.34429E-02  6.93022E-05  5.99573E-7
2.35396E-02  6.85410E-05  5.39853E-7
2.36345E-02  6.76589E-05  5.63179E-7
2.37276E-02  6.62812E-05  5.84994E-7
2.38188E-02  6.55884E-05  5.32832E-7
2.39083E-02  6.50885E-05  5.81620E-7
2.39960E-02  6.49651E-05  6.15886E-7
2.40818E-02  6.47434E-05  5.36888E-7
2.41658E-02  6.44894E-05  5.74240E-7
2.42479E-02  6.46588E-05  5.46621E-7
2.43282E-02  6.52545E-05  5.42414E-7
2.44067E-02  6.61392E-05  5.36687E-7
2.44833E-02  6.68068E-05  5.86939E-7
2.45580E-02  6.78763E-05  5.93166E-7
2.46309E-02  6.91821E-05  5.60950E-7
2.47018E-02  7.11336E-05  5.77472E-7
2.47709E-02  7.37379E-05  5.94867E-7
2.48381E-02  7.62803E-05  6.12489E-7