3.39016E-03  4.92787E-02  5.35642E-4
3.61475E-03  4.60940E-02  3.79931E-4
3.83906E-03  4.30214E-02  3.54383E-4
4.06308E-03  4.01550E-02  2.45233E-4
4.28679E-03  3.69912E-02  2.01534E-4
4.51017E-03  3.44810E-02  2.80810E-4
4.73321E-03  3.18938E-02  1.73938E-4
4.95589E-03  2.96352E-02  1.57689E-4
5.17819E-03  2.72691E-02  1.48910E-4
5.40010E-03  2.50924E-02  1.88979E-4
5.62160E-03  2.29337E-02  1.17589E-4
5.84266E-03  2.09016E-02  1.30652E-4
6.06329E-03  1.88066E-02  1.26797E-4
6.28345E-03  1.69149E-02  7.99565E-5
6.50313E-03  1.50734E-02  9.23545E-5
6.72232E-03  1.33818E-02  7.79175E-5
6.94099E-03  1.17052E-02  7.97562E-5
7.15914E-03  1.02792E-02  6.36623E-5
7.37674E-03  8.79583E-03  4.08541E-5
7.59378E-03  7.57315E-03  3.44249E-5
7.81025E-03  6.36187E-03  2.66581E-5
8.02611E-03  5.30971E-03  2.28789E-5
8.24137E-03  4.36211E-03  1.73678E-5
8.45600E-03  3.56732E-03  1.47936E-5
8.66998E-03  2.85702E-03  9.97110E-6
8.88330E-03  2.24194E-03  8.34455E-6
9.09595E-03  1.74539E-03  3.40847E-6
9.30791E-03  1.35409E-03  4.20785E-6
9.51915E-03  1.00881E-03  2.86832E-6
9.72967E-03  7.64752E-04  1.97125E-6
9.93945E-03  5.62572E-04  1.64456E-6
1.01485E-02  4.29629E-04  1.02671E-6
1.03567E-02  3.25775E-04  7.28345E-7
1.05642E-02  2.65349E-04  1.14106E-6
1.07708E-02  2.32795E-04  7.22445E-7
1.09767E-02  2.25727E-04  5.86236E-7
1.11817E-02  2.37044E-04  1.18602E-6
1.13858E-02  2.61934E-04  8.03614E-7
1.15891E-02  2.98251E-04  8.83652E-7
1.17915E-02  3.39479E-04  1.02242E-6
1.19930E-02  3.86658E-04  1.02035E-6
1.21936E-02  4.30991E-04  1.00766E-6
1.23933E-02  4.80719E-04  1.09105E-6
1.25920E-02  5.24128E-04  1.29255E-6
1.27897E-02  5.66220E-04  9.19792E-7
1.29865E-02  5.98726E-04  1.59368E-6
1.31823E-02  6.29525E-04  1.90055E-6
1.33771E-02  6.50872E-04  1.47611E-6
1.35709E-02  6.67639E-04  1.43183E-6
1.37636E-02  6.74948E-04  1.38784E-6
1.39553E-02  6.77293E-04  1.08339E-6
1.41459E-02  6.73025E-04  1.67278E-6
1.43355E-02  6.61521E-04  1.33562E-6
1.45239E-02  6.45715E-04  1.47729E-6
1.47113E-02  6.22368E-04  2.15767E-6
1.48975E-02  5.97896E-04  8.07720E-7
1.50826E-02  5.68760E-04  1.32806E-6
1.52666E-02  5.38257E-04  9.72302E-7
1.54494E-02  5.03652E-04  1.36148E-6
1.56310E-02  4.65725E-04  1.52394E-6
1.58114E-02  4.33467E-04  1.35109E-6
1.59906E-02  3.94200E-04  1.04580E-6
1.61686E-02  3.58855E-04  9.27110E-7
1.63454E-02  3.26622E-04  7.06198E-7
1.65209E-02  2.90625E-04  7.26558E-7
1.66952E-02  2.59996E-04  7.73941E-7
1.68681E-02  2.32213E-04  6.08103E-7
1.70399E-02  2.02142E-04  5.03784E-7
1.72103E-02  1.77692E-04  3.30007E-7
1.73794E-02  1.53339E-04  4.28870E-7
1.75471E-02  1.31676E-04  3.80058E-7
1.77136E-02  1.13674E-04  3.19150E-7
1.78787E-02  9.69703E-05  1.77435E-7
1.80424E-02  8.27330E-05  1.90816E-7
1.82047E-02  6.96219E-05  2.84191E-7
1.83657E-02  5.85703E-05  2.03819E-7
1.85253E-02  4.88273E-05  1.41181E-7
1.86834E-02  4.19476E-05  1.21411E-7
1.88402E-02  3.64601E-05  1.67314E-7
1.89955E-02  3.25111E-05  1.14473E-7
1.91493E-02  2.96464E-05  1.10263E-7
1.93017E-02  2.81079E-05  1.20859E-7
1.94527E-02  2.74359E-05  9.40505E-8
1.96021E-02  2.75716E-05  9.37112E-8
1.97501E-02  2.86262E-05  9.08655E-8
1.98965E-02  3.01633E-05  1.18898E-7
2.00414E-02  3.20804E-05  1.60975E-7
2.01848E-02  3.47974E-05  1.88887E-7
2.03267E-02  3.72706E-05  1.15252E-7
2.04670E-02  3.99902E-05  1.32195E-7
2.06058E-02  4.29677E-05  1.33344E-7
2.07430E-02  4.56512E-05  1.87745E-7
2.08786E-02  4.85702E-05  1.30769E-7
2.10126E-02  5.11985E-05  1.46692E-7
2.11451E-02  5.47557E-05  1.49324E-7
2.12759E-02  5.71415E-05  1.15168E-7
2.14051E-02  5.95779E-05  1.63759E-7
2.15326E-02  6.17270E-05  1.51922E-7
2.16586E-02  6.36832E-05  1.34135E-7
2.17828E-02  6.53196E-05  1.85629E-7
2.19054E-02  6.67041E-05  1.12515E-7
2.20264E-02  6.76959E-05  1.22908E-7
2.21457E-02  6.85429E-05  1.38292E-7
2.22632E-02  6.91141E-05  1.23922E-7
2.23791E-02  6.94411E-05  1.60765E-7
2.24933E-02  6.95549E-05  1.25850E-7
2.26058E-02  6.96144E-05  1.41441E-7
2.27165E-02  6.94840E-05  1.30717E-7
2.28256E-02  6.90341E-05  1.28541E-7
2.29328E-02  6.85560E-05  1.34767E-7
2.30384E-02  6.79104E-05  1.87217E-7
2.31422E-02  6.72642E-05  1.79434E-7
2.32442E-02  6.62175E-05  1.63794E-7
2.33444E-02  6.52815E-05  1.35458E-7
2.34429E-02  6.42494E-05  1.37324E-7
2.35396E-02  6.33392E-05  1.35981E-7
2.36345E-02  6.25302E-05  1.23581E-7
2.37276E-02  6.17948E-05  1.02516E-7
2.38188E-02  6.12090E-05  1.18011E-7
2.39083E-02  6.07139E-05  9.64468E-8
2.39960E-02  6.03810E-05  1.15120E-7