   5.0000000e+02   1.4867195e-07
   5.0100000e+02   2.4389607e-07
   5.0200000e+02   3.9612991e-07
   5.0300000e+02   6.3698252e-07
   5.0400000e+02   1.0140852e-06
   5.0500000e+02   1.5983741e-06
   5.0600000e+02   2.4942471e-06
   5.0700000e+02   3.8535197e-06
   5.0800000e+02   5.8943068e-06
   5.0900000e+02   8.9261657e-06
   5.1000000e+02   1.3383023e-05
   5.1100000e+02   1.9865547e-05
   5.1200000e+02   2.9194693e-05
   5.1300000e+02   4.2478027e-05
   5.1400000e+02   6.1190193e-05
   5.1500000e+02   8.7268270e-05
   5.1600000e+02   1.2322192e-04
   5.1700000e+02   1.7225689e-04
   5.1800000e+02   2.3840882e-04
   5.1900000e+02   3.2668191e-04
   5.2000000e+02   4.4318484e-04
   5.2100000e+02   5.9525324e-04
   5.2200000e+02   7.9154516e-04
   5.2300000e+02   1.0420935e-03
   5.2400000e+02   1.3582969e-03
   5.2500000e+02   1.7528300e-03
   5.2600000e+02   2.2394530e-03
   5.2700000e+02   2.8327038e-03
   5.2800000e+02   3.5474593e-03
   5.2900000e+02   4.3983596e-03
   5.3000000e+02   5.3990967e-03
   5.3100000e+02   6.5615815e-03
   5.3200000e+02   7.8950158e-03
   5.3300000e+02   9.4049077e-03
   5.3400000e+02   1.1092083e-02
   5.3500000e+02   1.2951760e-02
   5.3600000e+02   1.4972747e-02
   5.3700000e+02   1.7136859e-02
   5.3800000e+02   1.9418605e-02
   5.3900000e+02   2.1785218e-02
   5.4000000e+02   2.4197072e-02
   5.4100000e+02   2.6608525e-02
   5.4200000e+02   2.8969155e-02
   5.4300000e+02   3.1225393e-02
   5.4400000e+02   3.3322460e-02
   5.4500000e+02   3.5206533e-02
   5.4600000e+02   3.6827014e-02
   5.4700000e+02   3.8138782e-02
   5.4800000e+02   3.9104269e-02
   5.4900000e+02   3.9695255e-02
   5.5000000e+02   3.9894228e-02
   5.5100000e+02   3.9695255e-02
   5.5200000e+02   3.9104269e-02
   5.5300000e+02   3.8138782e-02
   5.5400000e+02   3.6827014e-02
   5.5500000e+02   3.5206533e-02
   5.5600000e+02   3.3322460e-02
   5.5700000e+02   3.1225393e-02
   5.5800000e+02   2.8969155e-02
   5.5900000e+02   2.6608525e-02
   5.6000000e+02   2.4197072e-02
   5.6100000e+02   2.1785218e-02
   5.6200000e+02   1.9418605e-02
   5.6300000e+02   1.7136859e-02
   5.6400000e+02   1.4972747e-02
   5.6500000e+02   1.2951760e-02
   5.6600000e+02   1.1092083e-02
   5.6700000e+02   9.4049077e-03
   5.6800000e+02   7.8950158e-03
   5.6900000e+02   6.5615815e-03
   5.7000000e+02   5.3990967e-03
   5.7100000e+02   4.3983596e-03
   5.7200000e+02   3.5474593e-03
   5.7300000e+02   2.8327038e-03
   5.7400000e+02   2.2394530e-03
   5.7500000e+02   1.7528300e-03
   5.7600000e+02   1.3582969e-03
   5.7700000e+02   1.0420935e-03
   5.7800000e+02   7.9154516e-04
   5.7900000e+02   5.9525324e-04
   5.8000000e+02   4.4318484e-04
   5.8100000e+02   3.2668191e-04
   5.8200000e+02   2.3840882e-04
   5.8300000e+02   1.7225689e-04
   5.8400000e+02   1.2322192e-04
   5.8500000e+02   8.7268270e-05
   5.8600000e+02   6.1190193e-05
   5.8700000e+02   4.2478027e-05
   5.8800000e+02   2.9194693e-05
   5.8900000e+02   1.9865547e-05
   5.9000000e+02   1.3383023e-05
   5.9100000e+02   8.9261657e-06
   5.9200000e+02   5.8943068e-06
   5.9300000e+02   3.8535197e-06
   5.9400000e+02   2.4942471e-06
   5.9500000e+02   1.5983741e-06
   5.9600000e+02   1.0140852e-06
   5.9700000e+02   6.3698252e-07
   5.9800000e+02   3.9612991e-07
   5.9900000e+02   2.4389607e-07
   6.0000000e+02   1.4867195e-07
