   2.6941415e+02   1.0256728e-04
   3.2001445e+02   4.5561911e-04
   3.7061475e+02   8.3918683e-04
   4.2121505e+02   1.3124858e-03
   4.7181535e+02   1.8373711e-03
   5.2241565e+02   2.3156349e-03
   5.7301595e+02   2.2519996e-03
   6.2361625e+02   2.3563228e-03
   6.7421655e+02   2.0728399e-03
   7.2481685e+02   1.7398293e-03
   7.7541715e+02   1.5358451e-03
   8.2601745e+02   1.1887875e-03
   8.7661775e+02   7.6404752e-04
   9.2721805e+02   4.6215823e-04
   9.7781835e+02   2.5345138e-04
   1.0284186e+03   1.2605967e-04
   1.0790189e+03   6.2545454e-05
   1.1296192e+03   6.0123558e-05
   1.1802195e+03   1.8709144e-05
   1.2308198e+03   7.1445920e-06
